
//first case
Mt=1440;
M=100000;
Nm=22; 
Ni=22;
Nl=9;
r=0.5; //minute
V=6000; //m^3
W=1000000; //Kg


f=[1    ,0.225,1    ,1  ,0.5 ,3   ,5   ,3    ,1  ,0.5 ,6   ,6   ,6   ,0.2 ,0.3 ,0.6    ,0.7,0.2,3      ,0.03,4   ,3  ]; //minute
v=[500  ,225  ,500  ,200,250 ,1500,2500,1500 ,100,50  ,1500,1500,1500,100 ,50  ,300    ,350,100,500    ,5   ,2000,500];
w=[30000,2000,30000,500,550,1000,1000,30000,200,1000,1000,1000,1000,1500,1000,2100000,100,100,1550000,1000,1000,2100000];

C   = [12      ,26      ,12      ,30    ,24   ,4    ,2    ,4   ,60   ,120  ,4    ,4    ,4    ,60   ,120  ,0.4761 ,17.1    ,60    ,1  ,1000 ,3   ,0.4761 ]; //min of Cv & Cw 
 
S=0;
F=720;

D=[
//1      2       3       4       5       6       7       8       9      10      11      12      13      14       15      16      17      18      19      20     21       22                    
[0      ,5      ,0      ,0      ,0      ,0      ,0      ,0      ,0      ,30     ,8      ,0      ,0      ,0      ,0      ,0      ,0      ,0      ,0      ,0      ,0      ,0]//1     
[0      ,0      ,0      ,80     ,0      ,0      ,0      ,0      ,0      ,0      ,0      ,0      ,0      ,0      ,0      ,0      ,0      ,0      ,0      ,0      ,0      ,0]//2
[0      ,0      ,0      ,0      ,0      ,0      ,0      ,0      ,0      ,0      ,0      ,0      ,0      ,0      ,0      ,0      ,0      ,0      ,0      ,0      ,0      ,0]//3
[0      ,0      ,0      ,0      ,0      ,0      ,0      ,0      ,0      ,0      ,0      ,0      ,0      ,0      ,0      ,0      ,0      ,0      ,0      ,0      ,0      ,0]//4
[0      ,0      ,0      ,0      ,0      ,0      ,0      ,0      ,0      ,0      ,0      ,0      ,0      ,0      ,0      ,0      ,0      ,0      ,0      ,0      ,0      ,0]//5
[0      ,0      ,0      ,0      ,0      ,0      ,5      ,0      ,0      ,0      ,0      ,0      ,0      ,0      ,0      ,0      ,0      ,0      ,0      ,0      ,0      ,0]//6
[0      ,0      ,0      ,0      ,0      ,0      ,0      ,0      ,0      ,0      ,0      ,0      ,0      ,0      ,0      ,0      ,0      ,0      ,0      ,0      ,0      ,0]//7
[0      ,0      ,0      ,0      ,0      ,0      ,0      ,0      ,0      ,0      ,0      ,0      ,0      ,0      ,0      ,0      ,0      ,0      ,0      ,0      ,0      ,0]//8
[0      ,0      ,0      ,0      ,0      ,0      ,0      ,0      ,0      ,0      ,0      ,0      ,0      ,0      ,0      ,0      ,0      ,0      ,0      ,0      ,0      ,0]//9
[0      ,0      ,0      ,0      ,0      ,0      ,0      ,0      ,0      ,0      ,0      ,0      ,0      ,0      ,0      ,0      ,0      ,0      ,0      ,0      ,0      ,0]//10
[0      ,0      ,0      ,0      ,0      ,0      ,0      ,0      ,0      ,0      ,0      ,0      ,0      ,0      ,0      ,0      ,0      ,0      ,0      ,0      ,0      ,0]//11
[0      ,0      ,0      ,0      ,0      ,0      ,0      ,0      ,0      ,0      ,0      ,0      ,0      ,0      ,0      ,0      ,0      ,0      ,1.7188 ,0      ,0      ,0]//12
[0      ,0      ,0      ,0      ,0      ,0      ,0      ,0      ,0      ,0      ,0      ,0      ,0      ,0      ,0      ,0      ,0      ,0      ,0      ,0      ,0      ,0]//13
[0      ,0      ,0      ,0      ,0      ,0      ,0      ,0      ,0      ,0      ,0      ,0      ,0      ,0      ,0      ,0      ,0      ,0      ,0      ,0      ,0      ,0]//14
[0      ,0      ,0      ,0      ,0      ,0      ,0      ,0      ,0      ,0      ,0      ,0      ,0      ,0      ,0      ,0      ,0      ,0      ,0      ,0      ,0      ,0]//15
[0      ,0      ,0      ,0      ,0      ,0      ,0      ,0      ,0      ,0      ,0      ,0      ,0      ,0      ,0      ,0      ,0      ,0      ,0      ,0      ,0      ,0]//16
[0      ,0      ,0      ,0      ,0      ,0      ,0      ,0      ,0      ,0      ,0      ,0      ,0      ,0      ,0      ,0      ,0      ,0      ,0      ,1815   ,0      ,0]//17
[0      ,0      ,0      ,0      ,0      ,0      ,0      ,0      ,0      ,0      ,0      ,0      ,0      ,0      ,0      ,0      ,0      ,0      ,0      ,0      ,0      ,0]//18
[0      ,0      ,0      ,0      ,0      ,0      ,0      ,0      ,0      ,0      ,0      ,0      ,0      ,0      ,0      ,0      ,0      ,0      ,0      ,0      ,0      ,0]//19
[0      ,0      ,0      ,0      ,0      ,0      ,0      ,0      ,0      ,0      ,0      ,0      ,0      ,0      ,0      ,0      ,0      ,0      ,0      ,0      ,0      ,0]//20
[0      ,0      ,0      ,0      ,0      ,0      ,0      ,0      ,0      ,0      ,0      ,0      ,0      ,0      ,0      ,0      ,0      ,0      ,0      ,0      ,0      ,0]//21
[0      ,0      ,0      ,0      ,0      ,0      ,0      ,0      ,0      ,0      ,0      ,0      ,0      ,0      ,0      ,0      ,0      ,0      ,0      ,0      ,0      ,0]//22
]; 
// 
//
e=[     //minute
//1    2    3    4    5    6     7    8    9   10   11   12   13   14   15    16   17  18   19   20   21   22
[1440,1000,1440,1440,1440,1440,1440,1440,1440,1440,1440,1440,1440,1440,1440,1440,1440,1440,1440,1440,1440,1440]//1
[1440,1440,1440,1200,1440,1440,1440,1440,1440,1440,1440,1440,1440,1440,1440,1440,1440,1440,1440,1440,1440,1440]//2
[1440,1440,1440,1440,1440,1440,1440,1440,1440,1440,1440,1440,1440,1440,1440,1440,1440,1440,1440,1440,1440,1440]//3
[1440,1440,1440,1440,1440,1440,1440,1440,1440,1440,1440,1440,1440,1440,1440,1440,1440,1440,1440,1440,1440,1440]//4
[1440,1440,1440,1440,1440,1440,1440,1440,1440,1440,1440,1440,1440,1440,1440,1440,1440,1440,1440,1440,1440,1440]//5
[1440,1440,1440,1440,1440,1440,950 ,1440,1440,1440,1440,1440,1440,1440,1440,1440,1440,1440,1440,1440,1440,1440]//6
[1440,1440,1440,1440,1440,1440,1440,1440,1440,1440,1440,1440,1440,1440,1440,1440,1440,1440,1440,1440,1440,1440]//7
[1440,1440,1440,1440,1440,1440,1440,1440,1440,1440,1440,1440,1440,1440,1440,1440,1440,1440,1440,1440,1440,1440]//8
[1440,1440,1440,1440,1440,1440,1440,1440,1440,1440,1440,1440,1440,1440,1440,1440,1440,1440,1440,1440,1440,1440]//9
[1440,1440,1440,1440,1440,1440,1440,1440,1440,1440,1440,1440,1440,1440,1440,1440,1440,1440,1440,1440,1440,1440]//10
[1440,1440,1440,1440,1440,1440,1440,1440,1440,1440,1440,1440,1440,1440,1440,1440,1440,1440,1440,1440,1440,1440]//11
[1440,1440,1440,1440,1440,1440,1440,1440,1440,1440,1440,1440,1440,1440,1440,1440,1440,1440,1100,1440,1440,1440]//12
[1440,1440,1440,1440,1440,1440,1440,1440,1440,1440,1440,1440,1440,1440,1440,1440,1440,1440,1440,1440,1440,1440]//13
[1440,1440,1440,1440,1440,1440,1440,1440,1440,1440,1440,1440,1440,1440,1440,1440,1440,1440,1440,1440,1440,1440]//14
[1440,1440,1440,1440,1440,1440,1440,1440,1440,1440,1440,1440,1440,1440,1440,1440,1440,1440,1440,1440,1440,1440]//15
[1440,1440,1440,1440,1440,1440,1440,1440,1440,1440,1440,1440,1440,1440,1440,1440,1440,1440,1440,1440,1440,1440]//16
[1440,1440,1440,1440,1440,1440,1440,1440,1440,1440,1440,1440,1440,1440,1440,1440,1440,1440,1440,1440,1440,1440]//17
[1440,1440,1440,1440,1440,1440,1440,1440,1440,1440,1440,1440,1440,1440,1440,1440,1440,1440,1440,1440,1440,1440]//18
[1440,1440,1440,1440,1440,1440,1440,1440,1440,1440,1440,1440,1440,1440,1440,1440,1440,1440,1440,1440,1440,1440]//19
[1440,1440,1440,1440,1440,1440,1440,1440,1440,1440,1440,1440,1440,1440,1440,1440,1440,1440,1440,1440,1440,1440]//20
[1440,1440,1440,1440,1440,1440,1440,1440,1440,1440,1440,1440,1440,1440,1440,1440,1440,1440,1440,1440,1440,1440]//21
[1440,1440,1440,1440,1440,1440,1440,1440,1440,1440,1440,1440,1440,1440,1440,1440,1440,1440,1440,1440,1440,1440]//22
];


